,POSTCODE,ConfirmedCaseCategory,ConfirmedCaseCount
0,85003,Greater Than 250,277.0
1,85004,101-250,206.0
2,85006,Greater Than 250,837.0
3,85007,Greater Than 250,639.0
4,85008,Greater Than 250,2415.0
5,85009,Greater Than 250,2249.0
6,85012,Greater Than 250,447.0
7,85013,Greater Than 250,518.0
8,85014,Greater Than 250,881.0
9,85015,Greater Than 250,1311.0
10,85016,Greater Than 250,1189.0
11,85017,Greater Than 250,1343.0
12,85018,Greater Than 250,967.0
13,85019,Greater Than 250,1037.0
14,85020,Greater Than 250,732.0
15,85021,Greater Than 250,1130.0
16,85022,Greater Than 250,782.0
17,85023,Greater Than 250,610.0
18,85024,Greater Than 250,414.0
19,85027,Greater Than 250,653.0
20,85028,Greater Than 250,290.0
21,85029,Greater Than 250,1087.0
22,85031,Greater Than 250,1374.0
23,85032,Greater Than 250,1372.0
24,85033,Greater Than 250,2436.0
25,85034,101-250,250.0
26,85035,Greater Than 250,2224.0
27,85037,Greater Than 250,1869.0
28,85040,Greater Than 250,1104.0
29,85041,Greater Than 250,2273.0
30,85042,Greater Than 250,1316.0
31,85043,Greater Than 250,1275.0
32,85044,Greater Than 250,558.0
33,85045,11-100,73.0
34,85048,Greater Than 250,476.0
35,85050,Greater Than 250,440.0
36,85051,Greater Than 250,1230.0
37,85053,Greater Than 250,531.0
38,85054,101-250,140.0
39,85083,Greater Than 250,337.0
40,85085,Greater Than 250,358.0
41,85086,Greater Than 250,476.0
42,85087,11-100,87.0
43,85118,11-100,92.0
44,85119,101-250,188.0
45,85120,Greater Than 250,355.0
46,85121,0,0.0
47,85121,Data Suppressed,
48,85122,Greater Than 250,1197.0
49,85123,101-250,206.0
50,85128,Greater Than 250,387.0
51,85131,Greater Than 250,631.0
52,85132,Greater Than 250,627.0
53,85135,1-5,1.0
54,85137,11-100,23.0
55,85138,Greater Than 250,589.0
56,85139,101-250,230.0
57,85140,Greater Than 250,451.0
58,85141,11-100,12.0
59,85142,Greater Than 250,836.0
60,85143,Greater Than 250,462.0
61,85145,11-100,18.0
62,85147,0,0.0
63,85147,Data Suppressed,
64,85172,11-100,35.0
65,85173,11-100,57.0
66,85190,0,0.0
67,85191,6-10,6.0
68,85192,11-100,17.0
69,85193,11-100,80.0
70,85194,11-100,80.0
71,85201,Greater Than 250,1128.0
72,85202,Greater Than 250,997.0
73,85203,Greater Than 250,697.0
74,85204,Greater Than 250,1470.0
75,85205,Greater Than 250,512.0
76,85206,Greater Than 250,1000.0
77,85207,Greater Than 250,520.0
78,85208,Greater Than 250,469.0
79,85209,Greater Than 250,676.0
80,85210,Greater Than 250,954.0
81,85212,Greater Than 250,553.0
82,85213,Greater Than 250,445.0
83,85215,101-250,167.0
84,85224,Greater Than 250,987.0
85,85225,Greater Than 250,1616.0
86,85226,Greater Than 250,515.0
87,85233,Greater Than 250,607.0
88,85234,Greater Than 250,712.0
89,85248,Greater Than 250,614.0
90,85249,Greater Than 250,451.0
91,85250,101-250,240.0
92,85251,Greater Than 250,1088.0
93,85253,Greater Than 250,314.0
94,85254,Greater Than 250,650.0
95,85255,Greater Than 250,634.0
96,85256,101-250,200.0
97,85257,Greater Than 250,774.0
98,85258,Greater Than 250,355.0
99,85259,Greater Than 250,288.0
100,85260,Greater Than 250,598.0
101,85262,11-100,88.0
102,85263,11-100,13.0
103,85264,11-100,26.0
104,85266,101-250,106.0
105,85268,101-250,168.0
106,85281,Greater Than 250,1342.0
107,85282,Greater Than 250,1067.0
108,85283,Greater Than 250,1081.0
109,85284,101-250,197.0
110,85286,Greater Than 250,618.0
111,85287,11-100,20.0
112,85295,Greater Than 250,639.0
113,85296,Greater Than 250,609.0
114,85297,Greater Than 250,455.0
115,85298,Greater Than 250,378.0
116,85301,Greater Than 250,2084.0
117,85302,Greater Than 250,1116.0
118,85303,Greater Than 250,1235.0
119,85304,Greater Than 250,524.0
120,85305,Greater Than 250,536.0
121,85306,Greater Than 250,457.0
122,85307,101-250,199.0
123,85308,Greater Than 250,969.0
124,85309,11-100,42.0
125,85310,Greater Than 250,274.0
126,85320,11-100,49.0
127,85321,11-100,70.0
128,85322,6-10,6.0
129,85323,Greater Than 250,1397.0
130,85324,11-100,22.0
131,85325,0,0.0
132,85326,Greater Than 250,1423.0
133,85328,1-5,1.0
134,85329,11-100,88.0
135,85331,Greater Than 250,321.0
136,85332,6-10,6.0
137,85333,1-5,1.0
138,85334,6-10,6.0
139,85335,Greater Than 250,780.0
140,85336,Greater Than 250,317.0
141,85337,11-100,79.0
142,85338,Greater Than 250,1150.0
143,85339,Greater Than 250,1459.0
144,85340,Greater Than 250,547.0
145,85341,1-5,1.0
146,85342,6-10,6.0
147,85343,1-5,1.0
148,85344,101-250,146.0
149,85344,Data Suppressed,
150,85345,Greater Than 250,1375.0
151,85346,11-100,16.0
152,85347,1-5,1.0
153,85348,11-100,17.0
154,85349,Greater Than 250,495.0
155,85350,Greater Than 250,2866.0
156,85351,Greater Than 250,287.0
157,85352,11-100,11.0
158,85353,Greater Than 250,1726.0
159,85354,11-100,97.0
160,85355,101-250,189.0
161,85356,11-100,93.0
162,85357,0,0.0
163,85360,0,0.0
164,85361,101-250,111.0
165,85362,1-5,1.0
166,85363,101-250,211.0
167,85364,Greater Than 250,3383.0
168,85365,Greater Than 250,1435.0
169,85367,Greater Than 250,382.0
170,85373,101-250,188.0
171,85374,Greater Than 250,486.0
172,85375,101-250,225.0
173,85377,11-100,27.0
174,85378,101-250,177.0
175,85379,Greater Than 250,714.0
176,85381,Greater Than 250,491.0
177,85382,Greater Than 250,675.0
178,85383,Greater Than 250,737.0
179,85387,101-250,199.0
180,85388,Greater Than 250,415.0
181,85390,11-100,65.0
182,85392,Greater Than 250,1096.0
183,85395,Greater Than 250,627.0
184,85396,Greater Than 250,379.0
185,85501,101-250,131.0
186,85530,0,0.0
187,85531,0,0.0
188,85532,1-5,1.0
189,85533,6-10,6.0
190,85534,1-5,1.0
191,85536,1-5,1.0
192,85539,11-100,49.0
193,85540,11-100,26.0
194,85541,101-250,181.0
195,85542,1-5,1.0
196,85542,Data Suppressed,
197,85543,11-100,58.0
198,85544,6-10,6.0
199,85545,0,0.0
200,85546,101-250,143.0
201,85550,101-250,200.0
202,85550,Data Suppressed,
203,85552,11-100,35.0
204,85553,1-5,1.0
205,85554,0,0.0
206,85601,1-5,1.0
207,85602,11-100,58.0
208,85603,11-100,47.0
209,85605,6-10,6.0
210,85606,1-5,1.0
211,85607,Greater Than 250,581.0
212,85609,0,0.0
213,85610,1-5,1.0
214,85611,1-5,1.0
215,85613,11-100,22.0
216,85614,101-250,243.0
217,85615,11-100,26.0
218,85616,11-100,12.0
219,85617,1-5,1.0
220,85618,11-100,22.0
221,85619,0,0.0
222,85620,11-100,22.0
223,85621,Greater Than 250,1278.0
224,85622,11-100,31.0
225,85623,11-100,12.0
226,85624,6-10,6.0
227,85625,1-5,1.0
228,85626,11-100,26.0
229,85629,Greater Than 250,326.0
230,85630,6-10,6.0
231,85631,11-100,17.0
232,85632,11-100,12.0
233,85633,0,0.0
234,85634,101-250,155.0
235,85635,101-250,193.0
236,85637,6-10,6.0
237,85638,6-10,6.0
238,85639,0,0.0
239,85640,0,0.0
240,85641,101-250,168.0
241,85643,101-250,123.0
242,85645,11-100,28.0
243,85646,11-100,11.0
244,85648,Greater Than 250,952.0
245,85650,11-100,61.0
246,85653,101-250,132.0
247,85658,11-100,86.0
248,85701,11-100,61.0
249,85704,Greater Than 250,301.0
250,85705,Greater Than 250,776.0
251,85706,Greater Than 250,1656.0
252,85707,6-10,6.0
253,85708,6-10,6.0
254,85710,Greater Than 250,553.0
255,85711,Greater Than 250,548.0
256,85712,Greater Than 250,493.0
257,85713,Greater Than 250,928.0
258,85714,Greater Than 250,468.0
259,85715,101-250,145.0
260,85716,Greater Than 250,322.0
261,85718,101-250,175.0
262,85719,Greater Than 250,416.0
263,85730,Greater Than 250,375.0
264,85735,101-250,153.0
265,85736,11-100,41.0
266,85737,11-100,89.0
267,85739,11-100,41.0
268,85741,Greater Than 250,358.0
269,85742,101-250,191.0
270,85743,101-250,248.0
271,85745,Greater Than 250,497.0
272,85746,Greater Than 250,1059.0
273,85747,101-250,199.0
274,85748,101-250,144.0
275,85749,11-100,91.0
276,85750,101-250,135.0
277,85755,11-100,83.0
278,85756,Greater Than 250,794.0
279,85757,Greater Than 250,637.0
280,85901,Greater Than 250,273.0
281,85911,0,0.0
282,85911,Data Suppressed,
283,85920,1-5,1.0
284,85922,0,0.0
285,85923,1-5,1.0
286,85924,11-100,11.0
287,85925,11-100,19.0
288,85926,Data Suppressed,
289,85927,0,0.0
290,85928,1-5,1.0
291,85929,101-250,110.0
292,85930,Data Suppressed,
293,85931,0,0.0
294,85932,0,0.0
295,85933,11-100,23.0
296,85934,1-5,1.0
297,85935,11-100,79.0
298,85936,11-100,13.0
299,85937,11-100,75.0
300,85938,11-100,31.0
301,85939,11-100,23.0
302,85940,6-10,6.0
303,85941,Data Suppressed,
304,85942,1-5,1.0
305,86001,Greater Than 250,464.0
306,86004,Greater Than 250,521.0
307,86005,101-250,177.0
308,86015,6-10,6.0
309,86016,0,0.0
310,86016,Data Suppressed,
311,86017,6-10,6.0
312,86018,1-5,1.0
313,86020,0,0.0
314,86020,Data Suppressed,
315,86021,6-10,6.0
316,86022,1-5,1.0
317,86023,11-100,33.0
318,86024,1-5,1.0
319,86025,101-250,106.0
320,86029,11-100,25.0
321,86030,Data Suppressed,
322,86032,11-100,19.0
323,86033,0,0.0
324,86033,Data Suppressed,
325,86034,Data Suppressed,
326,86035,0,0.0
327,86035,Data Suppressed,
328,86036,1-5,1.0
329,86038,0,0.0
330,86040,Greater Than 250,314.0
331,86042,0,0.0
332,86042,Data Suppressed,
333,86043,0,0.0
334,86043,Data Suppressed,
335,86044,0,0.0
336,86044,Data Suppressed,
337,86045,0,0.0
338,86045,Data Suppressed,
339,86046,11-100,35.0
340,86047,Greater Than 250,428.0
341,86052,0,0.0
342,86053,Data Suppressed,
343,86054,0,0.0
344,86054,Data Suppressed,
345,86301,101-250,166.0
346,86303,11-100,77.0
347,86305,11-100,75.0
348,86314,Greater Than 250,253.0
349,86315,11-100,35.0
350,86320,6-10,6.0
351,86321,6-10,6.0
352,86322,11-100,96.0
353,86323,11-100,63.0
354,86324,11-100,40.0
355,86325,11-100,21.0
356,86326,Greater Than 250,255.0
357,86327,11-100,61.0
358,86329,1-5,1.0
359,86331,1-5,1.0
360,86332,1-5,1.0
361,86333,11-100,39.0
362,86334,11-100,29.0
363,86335,11-100,19.0
364,86336,11-100,57.0
365,86337,1-5,1.0
366,86338,1-5,1.0
367,86343,0,0.0
368,86351,11-100,23.0
369,86401,101-250,167.0
370,86403,101-250,198.0
371,86404,101-250,176.0
372,86406,Greater Than 250,288.0
373,86409,101-250,137.0
374,86411,0,0.0
375,86413,11-100,37.0
376,86426,101-250,186.0
377,86429,11-100,56.0
378,86432,11-100,31.0
379,86433,0,0.0
380,86434,0,0.0
381,86434,Data Suppressed,
382,86435,0,0.0
383,86435,Data Suppressed,
384,86436,6-10,6.0
385,86437,1-5,1.0
386,86438,1-5,1.0
387,86440,101-250,173.0
388,86441,6-10,6.0
389,86442,Greater Than 250,577.0
390,86443,0,0.0
391,86444,0,0.0
392,86445,1-5,1.0
393,86502,11-100,73.0
394,86502,Data Suppressed,
395,86503,0,0.0
396,86503,Data Suppressed,
397,86505,11-100,29.0
398,86505,Data Suppressed,
399,86507,0,0.0
400,86507,Data Suppressed,
401,86510,Data Suppressed,
402,86511,1-5,1.0
403,86511,Data Suppressed,
404,86514,0,0.0
405,86514,Data Suppressed,
406,86515,0,0.0
407,86515,Data Suppressed,
408,86538,Data Suppressed,
409,86556,Data Suppressed,
